3,2
3,1
3,3
10,69
10,105
10,231
10,17
10,225
10,149
10,71
10,293
11,9
11,23
11,17
11,13
48,3
9,2
48,2
48,1
48,0
47,3
8,17
8,4
8,7
8,2
47,2
8,3
47,1
47,0
46,4
46,3
46,2
46,1
46,0
45,5
45,4
45,3
45,2
45,1
45,0
44,4
44,3
44,2
44,1
44,0
42,5
42,4
42,3
42,2
42,1
42,0
39,5
39,4
39,3
39,2
39,1
39,0
37,5
37,4
37,3
37,2
37,1
37,0
35,3
35,1
33,4
33,3
33,1
28,3
28,1
25,3
25,1
20,3
20,2
20,1
19,2
19,1
12,3
19,3
12,2
12,1
11,29
11,28
11,26
11,25
11,24
11,22
11,21
11,20
11,18
11,16
11,15
11,14
11,12
11,10
11,8
11,6
11,3
11,2
11,1
10,306
10,298
10,292
10,287
10,262
10,258
10,254
18,1
10,237
10,226
